100
4 2
5 2
6 2
1000 1000
1000 1
999 2
1000 511
787 645
654 536
1000 488
999 498
1000 489
3 1
667 643
500 244
500 1
413 375
445 423
3 2
5 1
543 460
788 647
999 488
816 620
500 256
495 373
500 249
733 646
935 885
999 512
500 2
460 423
683 537
999 256
500 255
999 511
500 245
999 1
1000 2
999 495
500 128
1000 256
1000 499
1000 255
999 999
999 127
500 127
1000 508
1000 500
252 233
659 516
579 489
500 500
542 509
500 250
480 441
500 248
999 441
823 672
743 686
463 421
500 212
1000 340
512 492
500 499
999 255
655 577
1000 999
1 1
606 557
551 461
999 497
481 407
2 1
500 100
369 323
999 487
524 441
908 750
991 799
1000 512
951 836
983 829
621 506
500 116
841 758
999 499
4 1
741 704
653 522
332 306
500 117
1000 498
999 128
642 498
1000 128
1000 127
2 2
999 998
698 693
