99
2525 1
2400 5
300 2
120 60
60 90
278950319 1
177717365 2469
1000000000 2
999000000 10000
998000000 10000
975410867 1
95452192 5769
955472690 1
306188460 191
802997987 1
279508847 7909
1000000000 1
999999999 10000
841635078 1
777311445 2243
1000000000 2
2 2
1 3
62103995 1
22253311 7576
922483657 1
235749711 6004
856204823 1
73863986 6311
892946452 1
92315912 5481
193101206 1
81325547 8921
249025454 1
136354146 7060
959044709 1
322828308 9017
1000000000 2
999999997 2
999999996 3
664697000 1
566259513 8995
825659130 1
816014405 7007
190210429 1
58807228 204
902934605 1
274940259 9422
797747506 1
638256416 8655
485401911 1
335876934 6147
1000000000 2
100 10000
200 10000
284954713 1
160283932 8514
386639268 1
159322729 7331
987678308 1
31991891 7907
514742618 1
116289176 1739
757644735 1
757171294 2120
438732753 1
239445550 945
698501013 1
246996330 8497
1000000000 2
12345675 3
12345676 2
375260227 1
329586370 5043
357597446 1
542900 3717
913374062 1
572903599 4035
430188102 1
121829839 7173
656440375 1
29568791 5708
429289416 1
234447172 9880
484982873 1
476868565 5141
1000000000 1
1 10000
611907019 2
360374070 5008
8589109 2546
244415131 1
43039795 4343
200000 2
5001 1
5000 2
548509703 1
299208633 8697
882363340 1
344147505 8625
719858129 1
520614418 6047
733013100 1
633740914 9213
668498651 1
279511131 373
2 1
1 1
396638798 2
323339793 2238
209088542 7314
680310434 1
5721255 6462
1000000000 2
999999998 3
999999999 2
528890821 1
63832902 2333
933064136 1
506200057 1824
1000000000 1
999999999 1
467499226 1
370919576 2569
708773083 1
678156986 1279
784816652 1
377586272 9990
303518334 1
11834440 9277
405148626 1
312935424 4536
1000000000 2
999999998 2
999999997 3
696921475 1
377670642 7534
1000000000 1
1 1
432202795 1
338302872 5818
180480495 1
49260485 7715
756359430 1
452183983 8339
568198970 1
337644657 8571
290743663 1
165548891 4906
493740799 1
391765941 282
785816804 1
613892351 9813
234374185 1
22833744 5377
875786218 1
4478356 4927
512778200 1
457443642 503
149661579 1
105966438 9599
376459217 1
361392688 9579
317934626 1
14985776 5766
975059760 1
571006761 8847
393833985 1
37244921 8158
318831712 1
108685820 39
1000000000 2
998000000 1
999000000 1
613142319 1
276771909 2651
262667353 1
167083216 1958
409604220 1
330244432 4744
400351311 1
120952234 7444
367168396 1
205105135 4422
808224790 1
407584671 2415
441303074 1
162062635 3638
606174849 1
258805409 9527
210018764 1
154914424 5204
315973685 1
176650695 6220
799732698 1
617397036 6851
439129400 1
59373067 4877
2 1
1 10000
572343527 1
353776753 9214
623263779 1
511470998 2985
650130755 1
557658778 7729
211465773 1
176636217 2798
355494703 1
214761053 7347
