97
814248 31818 670738 110788 701495 600718 117211 648283 505163 823402 514136 842211 270251 452052 376851 876709 204245 546339 822527 257922 386226 193707 497192 859296 527953 863942 457114 598635 564120 841662 568787 183103 481365 534438 540319 235521 535793 400938 577860 924780 434071 477526 965068 361074 553850 913150 399950 916571 189119 490294 457910 337532 70571 39897 529314 269303 666927 295800 4422 812189 994742 838064 277936 314837 816570 15721 918548 559729 134381 900955 518244 510912 283184 396567 310507 908298 56719 657679 784110 428258 646623 297691 131919 813423 754106 650062 968494 287757 640071 48867 70953 854272 864441 393802 321433 194984 148885 
10
26 50 438171 887240
72 61 846366 983263
64 19 967064 96801
30 79 542712 186364
46 27 29884 509828
78 29 454296 737777
18 72 790054 640631
78 58 697055 49518
49 95 656097 5879
12 6 286263 712286
