100
100 1
100
10 3
20 3 15
56561 2
753348 78062
496179 5
321667 389392 170481 392343 74175
454541 3
723608 716325 679710
987468 4
826082 177254 590431 189445
868051 5
892657 500853 336144 104093 64241
5 5
664 320 703 470 756
923242 2
403918 213821
10 5
3 4 1 3 4
639487 4
681672 828127 134489 141023
1 5
512967 591799 608382 287763 426171
371409 3
7924 660981 748906
7 5
1 1 1 1 2
728192 2
517930 702308
381631 5
206840 208397 32472 864214 982542
2 5
1 1 1 1 1
1000000 1
999999
310810 5
887907 704391 33246 154191 628766
234667 2
895824 656464
1000000 5
1000000 1000000 1000000 1000000 1000000
624862 5
534713 50853 5131 432696 774044
140830 5
955832 833942 661214 560652 391494
10 5
5 5 5 5 10
729305 1
917516
718523 5
247018 70779 182862 139929 91576
531380 2
907739 498720
504467 3
145500 5439 314696
373529 3
679435 956552 699431
465167 2
638257 712420
610155 4
711404 265774 855371 792569
607004 3
594303 489357 231865
967335 5
33680 761196 547927 369823 381641
88366 5
360811 520372 655194 911695 919284
11 5
10 5 5 5 5
1 5
288 565 145 544 194
1 5
1000000 1000000 1000000 1000000 1000000
322840 5
136315 4032 157553 88469 214706
494951 5
789072 667406 561947 391965 172556
5 5
2 2 3 3 1
847011 4
939402 353983 742834 595865
4 5
2 2 1 2 1
254714 1
751327
325903 3
890177 772754 701734
114179 5
751521 387050 284493 206085 159236
281221 5
856943 193853 495058 650155 42124
944413 2
932278 745223
1000000 5
815805 576909 548582 873467 270677
978651 2
459352 946019
8 5
17 33 22 13 14
3 4
2 2 2 4
483226 4
59580 468860 195646 20401
625128 4
573979 697900 751634 801735
456089 1
918344
3 3
1 1 100
445803 5
378154 154583 211288 3283 42948
430481 1
943887
997531 5
848271 793213 617686 444075 213838
1000000 1
1000000
286513 2
833925 383
1000000 5
565131 869336 789216 765196 508778
364498 4
793889 888503 245217 564813
745405 2
744092 897943
282707 5
259523 266917 271627 543237 770420
691367 5
228446 919812 23113 239749 587218
884314 1
169844
104445 5
114785 179985 343400 592424 903165
1000000 5
213408 707065 545640 918417 959083
294322 5
86547 122648 331747 413741 723261
9 5
2 2 5 1 1
884784 5
493165 706900 804998 862476 902786
162417 3
774215 127205 890057
332943 4
431418 507885 968890 919347
515348 5
475811 710809 961792 145371 562906
684035 5
254565 190697 220974 13647 389756
680564 2
649278 868540
471622 5
674230 892157 305563 146413 69722
11 5
5 5 5 5 10
1000000 5
312727 231583 206602 316035 552155
3 5
19 25 28 36 37
446356 5
819383 887339 550802 555233 422921
86504 2
978507 416415
253140 2
742145 525169
810230 4
150054 18679 115546 539881
24117 3
430241 351785 375832
75393 3
92156 80843 364367
1000000 5
626440 695277 59343 262602 976560
635947 5
487930 336182 242951 82232 341890
947215 5
263644 112537 92714 785434 943584
712021 5
631713 892641 273967 826862 590407
1 5
1 1 1 1 1
522566 4
98141 145 42938 728671
2 4
2 2 2 6
254818 3
767339 896517 59816
5 5
335 233 160 420 462
243950 2
914802 260866
2 5
6 3 5 7 8
1000000 5
1 1 1 1 1
808100 4
106963 926518 588095 735851
3 4
2 2 2 3
