100
2 1
100 20
200 10
2 2
100 20
200 10
3 2
100 10
100 10
100 10
4 2
9 3
7 1
10 1
8 4
9 6
3057 353658
3282 315214
10689 86
3234 386198
3169 355327
3670 366205
18370 68
3553 326215
3275 323879
6 2
25182 2453
27506 2157
24301 2529
27731 2273
282746 83
259280 77
2 1
26624 732298
184143 208141
7 1
48593 804968
222636 175694
145936 268034
134739 290308
41282 947527
853796 45814
56341 694269
7 4
17784 196581
26312 132867
186732 18722
17556 199134
9177 380952
7084 493506
20424 171171
6 4
314559 704516
763599 92730
784085 125621
229011 731102
722524 974848
32357 909908
5 3
552552 8091
39897 112056
269514 16588
35464 126063
99528 44919
8 6
23886 2254
208390 22
27568 2712
23769 2836
21558 2442
23228 2965
20022 2377
263173 34
2 1
268554 36
22839 2149
9 6
340822 200371
208960 326813
291378 234372
74227 920027
314671 217023
382237 178661
176950 385933
211907 322268
387928 176040
3 1
21179 2059
21918 2974
267085 47
9 2
28326 2294
22194 2657
20426 2657
28316 2620
26163 2156
274062 26
20288 2038
281077 48
22433 2812
5 2
23324 2887
240036 83
27198 2991
23414 2893
248925 63
8 2
28923 2469
201862 59
21519 2947
21855 2717
23642 2625
28043 2382
29275 2019
237137 98
6 4
973692 15834
65416 235683
20202 763164
381582 40404
692172 22274
598689 25752
7 4
867132 35834
322506 96348
127428 243846
201761 154008
188108 165186
582084 53382
314019 98952
7 4
25330 2110
280491 35
27968 2431
29961 2622
29698 2391
280390 94
29695 2631
3 1
284556 319405
282942 321227
171214 530848
10 5
748152 710790
567372 818181
784697 791930
849242 530345
10853 405802
34667 262867
530016 939554
501100 931298
459171 174573
332685 145256
9 6
3400 365541
3181 351118
3503 337540
3290 363229
3451 325568
16169 66
3174 391047
14617 90
3066 333434
6 3
19371 38
3438 360627
3485 330755
3526 349724
3075 305437
14039 83
3 2
64883 69768
137241 32984
10602 426972
5 3
10766 10
3703 372276
15902 26
3533 371817
3172 326167
3 1
50745 271478
15318 899344
541005 25464
2 1
328915 55250
563633 48372
5 2
350428 321714
300503 297653
170395 179514
668770 494791
422948 854637
7 3
343208 945277
685418 601046
879891 164583
313190 816318
541435 818689
420218 798310
531527 410801
7 3
224452 88
24875 2258
27687 2532
21724 2486
20355 2489
239658 31
24952 2916
3 1
3925 334474
11010 22
3183 312727
7 5
607298 242774
321461 880080
842521 798530
392294 451786
293088 700217
56211 133152
112146 57161
5 2
49230 622589
177630 172550
755877 40549
70445 435092
39667 772684
10 6
671517 8584
65569 87912
390456 14763
20387 282744
13804 417582
510748 11286
8436 683298
163096 35343
505818 11396
83657 68904
5 2
192605 154931
80041 372815
153223 194752
31179 957070
148008 201614
6 4
18819 362824
227304 30039
377487 18088
10098 676172
243474 28044
86428 79002
2 1
11831 30
3164 354084
7 4
677168 66011
191001 234033
50701 881650
86841 514740
493476 90583
679670 65768
521508 85714
2 1
302122 115490
276513 126186
8 5
134570 508828
806865 84863
86803 788832
73490 931732
94948 721163
118547 577602
159807 428473
127924 535263
6 3
343684 210804
979080 73998
208061 348215
570553 126982
233699 310014
439781 164741
2 1
370922 264677
328333 299009
9 6
50570 783737
693319 57165
69239 572417
121537 326103
588568 67339
71468 554564
178627 221879
247254 160295
55749 710929
10 7
184883 184686
318179 481709
184977 756708
649658 752878
53116 978343
55477 973654
162570 238394
678173 525197
480622 846902
161235 493726
7 1
3407 345303
3428 332844
3867 395006
3982 304155
11853 65
3300 377633
12809 26
8 5
73181 10495
726616 129894
829868 237600
522499 822044
455004 974570
438348 798903
344571 217083
971238 519478
8 4
658402 571316
889083 744468
85001 557214
119612 750005
34524 336711
52247 907224
640524 786395
514373 86572
8 4
753157 456973
864425 136661
964133 16547
111969 444857
482591 250338
504598 56833
155227 309423
983780 542392
5 1
960647 681585
890274 233500
163595 872035
545976 521130
984606 880889
5 3
727668 17094
26418 470844
153846 80852
401302 30996
96866 128412
8 2
28851 2553
232860 80
23659 2303
29926 2243
275891 59
27335 2607
25169 2886
26937 2956
4 3
582437 543985
541006 555863
91629 646182
939179 801915
6 4
565708 10962
14674 422604
9338 664092
20124 308154
198099 31304
498456 12441
2 1
172600 111278
650255 29537
6 4
237636 102486
153729 158424
676172 36018
36859 660744
239134 101844
37352 652023
3 2
737308 123462
128539 708186
102833 885217
9 5
20089 2783
29015 2392
28265 2681
22111 2081
22292 2550
285954 50
21943 2284
21018 2063
274215 31
5 3
15532 11
3788 312665
3383 345270
3452 361061
17354 96
5 1
323784 714971
236914 602548
552374 228893
972118 620893
427690 647172
6 2
14409 33
3420 311838
19863 12
3593 376476
3406 314873
3200 330505
5 1
20098 2351
27344 2901
29287 2835
267383 65
247019 66
9 4
13379 14
3106 317133
3263 329529
3433 302944
3459 370353
3254 347449
19862 94
3713 352051
3878 385342
4 3
430525 101225
50384 864955
528350 82483
302510 144061
9 2
68142 504241
546205 668857
398790 527788
486750 102512
322829 244566
991909 66637
926570 402255
747101 616762
701463 857023
7 5
24075 2984
24068 2794
28857 2340
204653 88
25975 2437
28640 2968
280175 65
5 2
10597 4
12460 94
3375 361817
3000 311965
3854 349968
10 6
303807 27144
50232 164169
115884 71162
457912 18009
86802 95004
30044 274482
21114 390572
121212 68034
99567 82824
167076 49358
5 1
625038 11293
398889 210350
929290 121572
748744 638257
260041 841200
1 1
1 1
2 2
80852 222642
56202 320292
8 4
71135 693468
362131 136221
156355 315499
53792 917048
184103 267947
713488 69139
692271 71258
69012 714801
4 1
3786 384727
17006 72
3614 397030
3662 388594
9 5
864171 12792
962598 11484
357889 30888
41151 268632
51084 216398
40248 274659
67338 164164
907816 12177
190404 58058
5 3
22359 2562
201161 38
22251 2934
247607 3
25392 2430
8 6
204112 98
25462 2651
24307 2870
22358 2423
28133 2786
23682 2529
27920 2373
242159 86
3 2
263278 218501
230618 249445
74519 771971
6 3
295532 73760
45115 483175
32220 676550
60680 359236
210432 103589
52013 419096
9 5
819206 279891
81390 37312
90541 474681
737809 492938
12937 955937
296003 64890
208724 676616
535417 10921
904439 396758
8 3
3649 374903
3577 313656
11326 64
10662 3
3063 318254
3720 332600
3262 333859
3435 369801
3 2
32422 398412
24273 532168
358904 35991
2 1
3828 385771
12968 75
8 3
3257 318997
10149 89
3194 353618
19380 8
3477 388456
3800 347892
3365 307920
3814 343341
4 2
940722 819689
780154 686727
281011 531159
738546 842808
10 10
1000000 1000000
1000000 1000000
1000000 1000000
1000000 1000000
1000000 1000000
1000000 1000000
1000000 1000000
1000000 1000000
1000000 1000000
1000000 1000000
5 1
761328 967773
784455 394838
444208 253767
168634 768364
752356 464457
4 1
10551 46
3471 366482
3662 345983
3969 363385
2 2
10701 973896
13079 796824
10 2
17643 52
14617 85
3261 317453
3338 312546
10032 29
3435 383475
3850 386247
3029 357560
3290 340122
3945 376810
7 4
150130 80264
577967 20849
390373 30868
262906 45834
404445 29794
431808 27906
59724 201762
5 1
202730 89
20871 2048
20905 2748
235302 23
24304 2310
6 2
28178 2612
28718 2901
228529 41
20930 2839
22775 2876
232556 35
3 1
3927 381970
3486 311156
17121 63
3 2
585858 47988
878787 31992
226954 123876
5 3
904419 39928
890568 40549
66994 539028
233864 154413
196308 183954
8 5
444222 148092
373842 175972
299628 219558
764568 86043
599256 109779
888552 74037
107226 613524
553668 118818
10 6
191429 343656
258129 254856
279128 235683
471366 139564
486588 135198
81918 803068
231768 283843
540792 121647
460143 142968
199752 329337
8 2
3817 360884
3397 398251
16414 92
14780 5
3474 339806
3706 316394
3986 378954
3329 357513
8 6
26437 2023
26603 2105
24797 2747
221006 62
279022 73
29995 2962
28860 2436
22193 2167
